[Station]
lat = 4.450127
long = -75.198839
h_sonar = 689
ini_date = 2018-11-27 12:12:01.429604
uuid = 8e182cd4-f267-11e8-b62d-b827eb63fd61
path_sys = /home/pi/channelUI_IoT/init

